Frequency (Hz),Magnitude
0.0,0.301824
0.24,0.301786
0.49,0.301672
0.73,0.301481
0.98,0.301214
1.22,0.300871
1.46,0.300452
1.71,0.299958
1.95,0.299388
2.2,0.298743
2.44,0.298023
2.69,0.297228
2.93,0.296359
3.17,0.295416
3.42,0.2944
3.66,0.293311
3.91,0.292149
4.15,0.290915
4.39,0.28961
4.64,0.288234
4.88,0.286787
5.13,0.285271
5.37,0.283687
5.62,0.282033
5.86,0.280313
6.1,0.278525
6.35,0.276672
6.59,0.274754
6.84,0.272771
7.08,0.270725
7.32,0.268616
7.57,0.266446
7.81,0.264215
8.06,0.261925
8.3,0.259576
8.54,0.257169
8.79,0.254706
9.03,0.252188
9.28,0.249615
9.52,0.246989
9.77,0.244311
10.01,0.241582
10.25,0.238803
10.5,0.235976
10.74,0.233101
10.99,0.230181
11.23,0.227216
11.47,0.224207
11.72,0.221156
11.96,0.218065
12.21,0.214934
12.45,0.211765
12.7,0.208559
12.94,0.205318
13.18,0.202042
13.43,0.198735
13.67,0.195396
13.92,0.192027
14.16,0.18863
14.4,0.185206
14.65,0.181757
14.89,0.178284
15.14,0.174789
15.38,0.171272
15.63,0.167737
15.87,0.164183
16.11,0.160612
16.36,0.157027
16.6,0.153428
16.85,0.149817
17.09,0.146195
17.33,0.142565
17.58,0.138927
17.82,0.135284
18.07,0.131635
18.31,0.127984
18.55,0.124331
18.8,0.120679
19.04,0.117028
19.29,0.11338
19.53,0.109736
19.78,0.106099
20.02,0.102469
20.26,0.098848
20.51,0.095238
20.75,0.091639
21.0,0.088054
21.24,0.084483
21.48,0.080929
21.73,0.077392
21.97,0.073875
22.22,0.070378
22.46,0.066903
22.71,0.063452
22.95,0.060026
23.19,0.056626
23.44,0.053254
23.68,0.049912
23.93,0.0466
24.17,0.043322
24.41,0.040078
24.66,0.036871
24.9,0.033702
25.15,0.030575
25.39,0.027493
25.63,0.02446
25.88,0.021482
26.12,0.018566
26.37,0.015729
26.61,0.012992
26.86,0.010402
27.1,0.008057
27.34,0.00618
27.59,0.005225
27.83,0.005613
28.08,0.007073
28.32,0.009062
28.56,0.011271
28.81,0.013565
29.05,0.015882
29.3,0.018194
29.54,0.020483
29.79,0.022739
30.03,0.024958
30.27,0.027133
30.52,0.029262
30.76,0.031343
31.01,0.033374
31.25,0.035354
31.49,0.037282
31.74,0.039156
31.98,0.040976
32.23,0.042741
32.47,0.044451
32.71,0.046106
32.96,0.047703
33.2,0.049244
33.45,0.050729
33.69,0.052155
33.94,0.053525
34.18,0.054837
34.42,0.056091
34.67,0.057286
34.91,0.058425
35.16,0.059505
35.4,0.060527
35.64,0.061491
35.89,0.062397
36.13,0.063245
36.38,0.064036
36.62,0.06477
36.87,0.065446
37.11,0.066065
37.35,0.066627
37.6,0.067133
37.84,0.067583
38.09,0.067977
38.33,0.068315
38.57,0.068599
38.82,0.068828
39.06,0.069003
39.31,0.069124
39.55,0.069192
39.79,0.069208
40.04,0.069171
40.28,0.069083
40.53,0.068945
40.77,0.068756
41.02,0.068517
41.26,0.06823
41.5,0.067895
41.75,0.067512
41.99,0.067083
42.24,0.066608
42.48,0.066088
42.72,0.065523
42.97,0.064915
43.21,0.064265
43.46,0.063573
43.7,0.06284
43.95,0.062067
44.19,0.061255
44.43,0.060404
44.68,0.059517
44.92,0.058594
45.17,0.057635
45.41,0.056642
45.65,0.055616
45.9,0.054558
46.14,0.053468
46.39,0.052349
46.63,0.0512
46.88,0.050024
47.12,0.04882
47.36,0.04759
47.61,0.046336
47.85,0.045058
48.1,0.043757
48.34,0.042435
48.58,0.041093
48.83,0.039731
49.07,0.038351
49.32,0.036954
49.56,0.035541
49.8,0.034113
50.05,0.032672
50.29,0.031218
50.54,0.029753
50.78,0.028278
51.03,0.026793
51.27,0.025301
51.51,0.023802
51.76,0.022298
52.0,0.020789
52.25,0.019277
52.49,0.017764
52.73,0.01625
52.98,0.014737
53.22,0.013227
53.47,0.011721
53.71,0.010222
53.96,0.008734
54.2,0.00726
54.44,0.00581
54.69,0.004403
54.93,0.003087
55.18,0.002031
55.42,0.00176
55.66,0.002521
55.91,0.003715
56.15,0.005032
56.4,0.006387
56.64,0.007752
56.88,0.009115
57.13,0.010469
57.37,0.011812
57.62,0.013141
57.86,0.014453
58.11,0.015747
58.35,0.017023
58.59,0.018278
58.84,0.019513
59.08,0.020725
59.33,0.021915
59.57,0.023082
59.81,0.024224
60.06,0.025341
60.3,0.026432
60.55,0.027498
60.79,0.028536
61.04,0.029546
61.28,0.030529
61.52,0.031483
61.77,0.032407
62.01,0.033302
62.26,0.034167
62.5,0.035001
62.74,0.035804
62.99,0.036576
63.23,0.037316
63.48,0.038024
63.72,0.038699
63.96,0.039342
64.21,0.039952
64.45,0.040528
64.7,0.041071
64.94,0.04158
65.19,0.042056
65.43,0.042497
65.67,0.042904
65.92,0.043277
66.16,0.043616
66.41,0.04392
66.65,0.04419
66.89,0.044425
67.14,0.044626
67.38,0.044792
67.63,0.044924
67.87,0.045022
68.12,0.045086
68.36,0.045116
68.6,0.045112
68.85,0.045074
69.09,0.045003
69.34,0.044899
69.58,0.044761
69.82,0.044591
70.07,0.044388
70.31,0.044153
70.56,0.043887
70.8,0.043588
71.04,0.043259
71.29,0.042899
71.53,0.042509
71.78,0.042089
72.02,0.041639
72.27,0.04116
72.51,0.040653
72.75,0.040118
73.0,0.039555
73.24,0.038965
73.49,0.038349
73.73,0.037707
73.97,0.03704
74.22,0.036348
74.46,0.035632
74.71,0.034893
74.95,0.03413
75.2,0.033346
75.44,0.03254
75.68,0.031713
75.93,0.030866
76.17,0.03
76.42,0.029115
76.66,0.028212
76.9,0.027292
77.15,0.026355
77.39,0.025403
77.64,0.024435
77.88,0.023453
78.12,0.022458
78.37,0.02145
78.61,0.02043
78.86,0.019399
79.1,0.018358
79.35,0.017307
79.59,0.016248
79.83,0.015181
80.08,0.014107
80.32,0.013026
80.57,0.011941
80.81,0.010851
81.05,0.009758
81.3,0.008663
81.54,0.007567
81.79,0.006471
82.03,0.005378
82.28,0.00429
82.52,0.003215
82.76,0.002169
83.01,0.001227
83.25,0.000851
83.5,0.001527
83.74,0.00251
83.98,0.003549
84.23,0.004601
84.47,0.005655
84.72,0.006705
84.96,0.007749
85.21,0.008786
85.45,0.009814
85.69,0.010831
85.94,0.011838
86.18,0.012833
86.43,0.013815
86.67,0.014784
86.91,0.015739
87.16,0.01668
87.4,0.017604
87.65,0.018513
87.89,0.019405
88.13,0.02028
88.38,0.021137
88.62,0.021975
88.87,0.022795
89.11,0.023594
89.36,0.024374
89.6,0.025133
89.84,0.02587
90.09,0.026586
90.33,0.02728
90.58,0.027951
90.82,0.0286
91.06,0.029224
91.31,0.029825
91.55,0.030402
91.8,0.030954
92.04,0.031482
92.29,0.031984
92.53,0.03246
92.77,0.032911
93.02,0.033336
93.26,0.033734
93.51,0.034106
93.75,0.03445
93.99,0.034768
94.24,0.035059
94.48,0.035323
94.73,0.035559
94.97,0.035767
95.21,0.035948
95.46,0.036101
95.7,0.036226
95.95,0.036324
96.19,0.036394
96.44,0.036436
96.68,0.03645
96.92,0.036436
97.17,0.036395
97.41,0.036326
97.66,0.03623
97.9,0.036106
98.14,0.035955
98.39,0.035778
98.63,0.035573
98.88,0.035341
99.12,0.035083
99.37,0.034799
99.61,0.034489
99.85,0.034153
100.1,0.033792
100.34,0.033405
100.59,0.032994
100.83,0.032559
101.07,0.032099
101.32,0.031615
101.56,0.031109
101.81,0.030579
102.05,0.030027
102.29,0.029453
102.54,0.028857
102.78,0.02824
103.03,0.027602
103.27,0.026944
103.52,0.026267
103.76,0.02557
104.0,0.024855
104.25,0.024122
104.49,0.023371
104.74,0.022603
104.98,0.021819
105.22,0.021019
105.47,0.020204
105.71,0.019375
105.96,0.018531
106.2,0.017675
106.45,0.016805
106.69,0.015924
106.93,0.015031
107.18,0.014128
107.42,0.013215
107.67,0.012292
107.91,0.011361
108.15,0.010422
108.4,0.009476
108.64,0.008524
108.89,0.007566
109.13,0.006603
109.37,0.005637
109.62,0.004668
109.86,0.003698
110.11,0.002731
110.35,0.001775
110.6,0.000874
110.84,0.000549
111.08,0.001329
111.33,0.002269
111.57,0.003232
111.82,0.004198
112.06,0.005165
112.3,0.00613
112.55,0.007091
112.79,0.008047
113.04,0.008997
113.28,0.009941
113.53,0.010878
113.77,0.011807
114.01,0.012727
114.26,0.013637
114.5,0.014538
114.75,0.015428
114.99,0.016307
115.23,0.017174
115.48,0.018028
115.72,0.018869
115.97,0.019696
116.21,0.020508
116.46,0.021306
116.7,0.022088
116.94,0.022854
117.19,0.023603
117.43,0.024336
117.68,0.02505
117.92,0.025746
118.16,0.026423
118.41,0.027081
118.65,0.02772
118.9,0.028338
119.14,0.028935
119.38,0.029512
119.63,0.030067
119.87,0.0306
120.12,0.031111
120.36,0.0316
120.61,0.032065
120.85,0.032508
121.09,0.032926
121.34,0.033321
121.58,0.033692
121.83,0.034038
122.07,0.03436
122.31,0.034657
122.56,0.034929
122.8,0.035175
123.05,0.035396
123.29,0.035591
123.54,0.035761
123.78,0.035905
124.02,0.036022
124.27,0.036114
124.51,0.036179
124.76,0.036219
0.0,36.172794
0.24,36.154594
0.49,36.100475
0.73,36.011707
0.98,35.890484
1.22,35.739697
1.46,35.562958
1.71,35.36446
1.95,35.148888
2.2,34.921169
2.44,34.686523
2.69,34.45015
2.93,34.217178
3.17,33.992447
3.42,33.780468
3.66,33.58522
3.91,33.41013
4.15,33.257896
4.39,33.130501
4.64,33.029182
4.88,32.954346
5.13,32.90567
5.37,32.882072
5.62,32.881828
5.86,32.902618
6.1,32.941605
6.35,32.995579
6.59,33.061058
6.84,33.134418
7.08,33.21199
7.32,33.290199
7.57,33.365662
7.81,33.435314
8.06,33.496445
8.3,33.546829
8.54,33.584732
8.79,33.609005
9.03,33.619003
9.28,33.614674
9.52,33.596493
9.77,33.565437
10.01,33.522888
10.25,33.470642
10.5,33.410736
10.74,33.345467
10.99,33.277203
11.23,33.208347
11.47,33.141201
11.72,33.077984
11.96,33.020615
12.21,32.970764
12.45,32.92976
12.7,32.89854
12.94,32.877651
13.18,32.867245
13.43,32.867062
13.67,32.876522
13.92,32.894634
14.16,32.920219
14.4,32.951801
14.65,32.987808
14.89,33.026512
15.14,33.066216
15.38,33.105232
15.63,33.142029
15.87,33.175133
16.11,33.203407
16.36,33.225872
16.6,33.241913
16.85,33.251141
17.09,33.253502
17.33,33.249233
17.58,33.238846
17.82,33.22308
18.07,33.2029
18.31,33.179424
18.55,33.153915
18.8,33.12764
19.04,33.101917
19.29,33.07798
19.53,33.057007
19.78,33.039982
20.02,33.027737
20.26,33.020905
20.51,33.019878
20.75,33.024792
21.0,33.035564
21.24,33.051861
21.48,33.07317
21.73,33.098743
21.97,33.127712
22.22,33.159088
22.46,33.191795
22.71,33.224751
22.95,33.256859
23.19,33.287113
23.44,33.314594
23.68,33.338482
23.93,33.358177
24.17,33.373211
24.41,33.383366
24.66,33.388569
24.9,33.388988
25.15,33.384964
25.39,33.377029
25.63,33.365826
25.88,33.352165
26.12,33.33688
26.37,33.320911
26.61,33.30518
26.86,33.290554
27.1,33.277855
27.34,33.267822
27.59,33.261024
27.83,33.257919
28.08,33.258781
28.32,33.263718
28.56,33.272652
28.81,33.285332
29.05,33.301373
29.3,33.320236
29.54,33.341251
29.79,33.363686
30.03,33.386742
30.27,33.409607
30.52,33.431469
30.76,33.451557
31.01,33.469166
31.25,33.483746
31.49,33.494766
31.74,33.50193
31.98,33.505028
32.23,33.504059
32.47,33.49913
32.71,33.49052
32.96,33.478615
33.2,33.46397
33.45,33.447151
33.69,33.42886
33.94,33.409798
34.18,33.390701
34.42,33.372242
34.67,33.355072
34.91,33.339775
35.16,33.326828
35.4,33.316578
35.64,33.309265
35.89,33.304996
36.13,33.303734
36.38,33.305317
36.62,33.309448
36.87,33.315754
37.11,33.323753
37.35,33.33289
37.6,33.342567
37.84,33.35218
38.09,33.361141
38.33,33.368885
38.57,33.374886
38.82,33.378712
39.06,33.380043
39.31,33.378624
39.55,33.374359
39.79,33.367245
40.04,33.357426
40.28,33.345139
40.53,33.330711
40.77,33.314575
41.02,33.29726
41.26,33.279278
41.5,33.261223
41.75,33.243629
41.99,33.227112
42.24,33.212128
42.48,33.199146
42.72,33.188526
42.97,33.180531
43.21,33.175312
43.46,33.172943
43.7,33.173347
43.95,33.176388
44.19,33.181782
44.43,33.189178
44.68,33.198158
44.92,33.20826
45.17,33.21896
45.41,33.229736
45.65,33.240078
45.9,33.249508
46.14,33.257587
46.39,33.263943
46.63,33.268291
46.88,33.270473
47.12,33.270309
47.36,33.267845
47.61,33.263168
47.85,33.256493
48.1,33.2481
48.34,33.238331
48.58,33.227619
48.83,33.216415
49.07,33.205181
49.32,33.194405
49.56,33.184528
49.8,33.176003
50.05,33.16917
50.29,33.164333
50.54,33.161713
50.78,33.161449
51.03,33.163559
51.27,33.167984
51.51,33.174583
51.76,33.183147
52.0,33.193348
52.25,33.204826
52.49,33.217171
52.73,33.229973
52.98,33.242748
53.22,33.255062
53.47,33.266518
53.71,33.276726
53.96,33.285378
54.2,33.292198
54.44,33.297035
54.69,33.299793
54.93,33.300457
55.18,33.299114
55.42,33.29591
55.66,33.291096
55.91,33.284962
56.15,33.277836
56.4,33.270115
56.64,33.262203
56.88,33.254475
57.13,33.247337
57.37,33.241116
57.62,33.236164
57.86,33.232716
58.11,33.230949
58.35,33.230999
58.59,33.23291
58.84,33.236622
59.08,33.242035
59.33,33.248974
59.57,33.25721
59.81,33.26643
60.06,33.27631
60.3,33.28651
60.55,33.296669
60.79,33.306423
61.04,33.315445
61.28,33.323414
61.52,33.330093
61.77,33.335274
62.01,33.338802
62.26,33.340614
62.5,33.340557
62.74,33.338978
62.99,33.335869
63.23,33.331398
63.48,33.325825
63.72,33.319405
63.96,33.312443
64.21,33.305241
64.45,33.298153
64.7,33.291424
64.94,33.285366
65.19,33.280212
65.43,33.276161
65.67,33.273342
65.92,33.271839
66.16,33.271667
66.41,33.272812
66.65,33.27515
66.89,33.278534
67.14,33.282795
67.38,33.287682
67.63,33.292934
67.87,33.298302
68.12,33.303493
68.36,33.30827
68.6,33.312366
68.85,33.315578
69.09,33.317738
69.34,33.318714
69.58,33.318443
69.82,33.31691
70.07,33.31414
70.31,33.310246
70.56,33.305344
70.8,33.299644
71.04,33.293343
71.29,33.286716
71.53,33.280022
71.78,33.273506
72.02,33.267448
72.27,33.262085
72.51,33.257618
72.75,33.254242
73.0,33.252064
73.24,33.251179
73.49,33.251614
73.73,33.253345
73.97,33.256275
74.22,33.260292
74.46,33.265213
74.71,33.270836
74.95,33.276917
75.2,33.283215
75.44,33.289452
75.68,33.295368
75.93,33.300709
76.17,33.305286
76.42,33.308857
76.66,33.311302
76.9,33.3125
77.15,33.312401
77.39,33.310986
77.64,33.308315
77.88,33.30447
78.12,33.299637
78.37,33.293919
78.61,33.287567
78.86,33.280792
79.1,33.273872
79.35,33.267036
79.59,33.260529
79.83,33.254578
80.08,33.249386
80.32,33.245113
80.57,33.24189
80.81,33.239788
81.05,33.238869
81.3,33.239105
81.54,33.240444
81.79,33.24279
82.03,33.246017
82.28,33.249943
82.52,33.254375
82.76,33.259125
83.01,33.263988
83.25,33.26873
83.5,33.273163
83.74,33.2771
83.98,33.280411
84.23,33.28294
84.47,33.284626
84.72,33.285412
84.96,33.285294
85.21,33.284321
85.45,33.282543
85.69,33.280102
85.94,33.277122
86.18,33.273743
86.43,33.27018
86.67,33.266579
86.91,33.263153
87.16,33.260071
87.4,33.257473
87.65,33.255508
87.89,33.254288
88.13,33.253853
88.38,33.254261
88.62,33.255489
88.87,33.257523
89.11,33.260265
89.36,33.263618
89.6,33.267441
89.84,33.271591
90.09,33.275879
90.33,33.280148
90.58,33.28421
90.82,33.287922
91.06,33.291107
91.31,33.293644
91.55,33.295441
91.8,33.296425
92.04,33.296562
92.29,33.295845
92.53,33.294304
92.77,33.292046
93.02,33.289135
93.26,33.285728
93.51,33.281963
93.75,33.278042
93.99,33.274078
94.24,33.270302
94.48,33.266846
94.73,33.263901
94.97,33.261574
95.21,33.260002
95.46,33.259235
95.7,33.259354
95.95,33.260326
96.19,33.262157
96.44,33.264774
96.68,33.268097
96.92,33.271996
97.17,33.276325
97.41,33.28093
97.66,33.285648
97.9,33.290295
98.14,33.294697
98.39,33.298702
98.63,33.302158
98.88,33.304947
99.12,33.306961
99.37,33.308144
99.61,33.308464
99.85,33.307911
100.1,33.306515
100.34,33.304333
100.59,33.301472
100.83,33.298046
101.07,33.294182
101.32,33.290024
101.56,33.28574
101.81,33.281464
102.05,33.277367
102.29,33.273571
102.54,33.270222
102.78,33.267399
103.03,33.265179
103.27,33.263599
103.52,33.262714
103.76,33.262474
104.0,33.262863
104.25,33.263794
104.49,33.265224
104.74,33.267029
104.98,33.2691
105.22,33.27132
105.47,33.273575
105.71,33.275738
105.96,33.277718
106.2,33.279396
106.45,33.280731
106.69,33.281647
106.93,33.282112
107.18,33.282112
107.42,33.281681
107.67,33.280827
107.91,33.279625
108.15,33.27813
108.4,33.276459
108.64,33.274685
108.89,33.272915
109.13,33.271252
109.37,33.269829
109.62,33.268658
109.86,33.267838
110.11,33.267422
110.35,33.267456
110.6,33.267937
110.84,33.26886
111.08,33.270191
111.33,33.271881
111.57,33.273842
111.82,33.276001
112.06,33.278244
112.3,33.280506
112.55,33.282654
112.79,33.284592
113.04,33.286247
113.28,33.287529
113.53,33.288383
113.77,33.288742
114.01,33.288609
114.26,33.287983
114.5,33.286877
114.75,33.285328
114.99,33.283405
115.23,33.281216
115.48,33.278816
115.72,33.276329
115.97,33.273865
116.21,33.271542
116.46,33.269451
116.7,33.267696
116.94,33.266365
117.19,33.265526
117.43,33.265202
117.68,33.26545
117.92,33.266228
118.16,33.26754
118.41,33.269325
118.65,33.271503
118.9,33.273987
119.14,33.276691
119.38,33.279472
119.63,33.282227
119.87,33.284813
120.12,33.287151
120.36,33.28912
120.61,33.290619
120.85,33.291584
121.09,33.291973
121.34,33.29174
121.58,33.290905
121.83,33.289474
122.07,33.287518
122.31,33.285088
122.56,33.282269
122.8,33.279182
123.05,33.275959
123.29,33.272694
123.54,33.269558
123.78,33.266632
124.02,33.264065
124.27,33.261951
124.51,33.260372
124.76,33.259388
0.0,58.656643
0.24,58.404999
0.49,57.675949
0.73,56.545292
0.98,55.132965
1.22,53.592354
1.46,52.094131
1.71,50.804016
1.95,49.856937
2.2,49.332855
2.44,49.242638
2.69,49.529617
2.93,50.086643
3.17,50.781551
3.42,51.482246
3.66,52.075607
3.91,52.478504
4.15,52.642082
4.39,52.55162
4.64,52.223179
4.88,51.698654
5.13,51.039558
5.37,50.320206
5.62,49.619949
5.86,49.015202
6.1,48.571266
6.35,48.335213
6.59,48.330597
6.84,48.555183
7.08,48.981861
7.32,49.56279
7.57,50.235344
7.81,50.929153
8.06,51.572815
8.3,52.100403
8.54,52.456829
8.79,52.602634
9.03,52.517731
9.28,52.204407
9.52,51.688774
9.77,51.020546
10.01,50.270222
10.25,49.523251
10.5,48.870659
10.74,48.396542
10.99,48.164352
11.23,48.204983
11.47,48.510246
11.72,49.033764
11.96,49.699348
12.21,50.413952
12.45,51.08181
12.7,51.616959
12.94,51.952873
13.18,52.048748
13.43,51.89291
13.67,51.503452
13.92,50.926414
14.16,50.231594
14.4,49.505363
14.65,48.840847
14.89,48.325699
15.14,48.029205
15.38,47.991051
15.63,48.214901
15.87,48.668324
16.11,49.289829
16.36,49.999485
16.6,50.71125
16.85,51.343784
17.09,51.828915
17.33,52.117077
17.58,52.180534
17.82,52.014496
18.07,51.637054
18.31,51.087666
18.55,50.424305
18.8,49.71912
19.04,49.052109
19.29,48.502708
19.53,48.139889
19.78,48.011925
20.02,48.138409
20.26,48.506104
20.51,49.070549
20.75,49.762703
21.0,50.498928
21.24,51.192142
21.48,51.762112
21.73,52.143967
21.97,52.294605
22.22,52.196812
22.46,51.86137
22.71,51.326813
22.95,50.656857
23.19,49.934715
23.44,49.254227
23.68,48.707748
23.93,48.372406
24.17,48.296944
24.41,48.492748
24.66,48.931915
24.9,49.552917
25.15,50.271973
25.39,50.996677
25.63,51.638771
25.88,52.124348
26.12,52.400715
26.37,52.440109
26.61,52.241119
26.86,51.827919
27.1,51.247864
27.34,50.567139
27.59,49.864697
27.83,49.224277
28.08,48.724655
28.32,48.429214
28.56,48.376732
28.81,48.575165
29.05,49.000366
29.3,49.600151
29.54,50.302277
29.79,51.024593
30.03,51.685108
30.27,52.210777
30.52,52.544373
30.76,52.649487
31.01,52.513672
31.25,52.149998
31.49,51.596695
31.74,50.914925
31.98,50.18388
32.23,49.49297
32.47,48.931007
32.71,48.573601
32.96,48.470497
33.2,48.63644
33.45,49.048111
33.69,49.648258
33.94,50.355713
34.18,51.078346
34.42,51.725811
34.67,52.220406
34.91,52.504845
35.16,52.54715
35.4,52.342907
35.64,51.91544
35.89,51.313629
36.13,50.607605
36.38,49.881901
36.62,49.226154
36.87,48.723755
37.11,48.439831
37.35,48.410862
37.6,48.638718
37.84,49.090782
38.09,49.706047
38.33,50.405331
38.57,51.102955
38.82,51.717377
39.06,52.179771
39.31,52.439861
39.55,52.469749
39.79,52.265629
40.04,51.847954
40.28,51.259903
40.53,50.56443
40.77,49.838997
41.02,49.168068
41.26,48.633358
41.5,48.30275
41.75,48.219627
41.99,48.395248
42.24,48.806366
42.48,49.398941
42.72,50.096806
42.97,50.812901
43.21,51.460705
43.46,51.964249
43.7,52.265675
43.95,52.330482
44.19,52.150528
44.43,51.745026
44.68,51.159344
44.92,50.46146
45.17,49.735748
45.41,49.073738
45.65,48.562336
45.9,48.270805
46.14,48.23909
46.39,48.470726
46.63,48.932346
46.88,49.560074
47.12,50.270466
47.36,50.973629
47.61,51.584908
47.85,52.034081
48.1,52.271709
48.34,52.272861
48.58,52.038364
48.83,51.594364
49.07,50.989925
49.32,50.292988
49.56,49.584152
49.8,48.948235
50.05,48.464153
50.29,48.194042
50.54,48.173588
50.78,48.406109
51.03,48.86187
51.27,49.483139
51.51,50.193184
51.76,50.907131
52.0,51.542419
52.25,52.02771
52.49,52.309517
52.73,52.356831
52.98,52.163712
53.22,51.750225
53.47,51.161392
53.71,50.464008
53.96,49.740784
54.2,49.081772
54.44,48.572956
54.69,48.283482
54.93,48.253998
55.18,48.489235
55.42,48.956924
55.66,49.5937
55.91,50.315823
56.15,51.032143
56.4,51.656075
56.64,52.115326
56.88,52.358685
57.13,52.360119
57.37,52.120552
57.62,51.667423
57.86,51.052376
58.11,50.346813
58.35,49.635063
58.59,49.005074
58.84,48.537277
59.08,48.293049
59.33,48.304821
59.57,48.570675
59.81,49.054951
60.06,49.694599
60.3,50.409405
60.55,51.113415
60.79,51.725517
61.04,52.177814
61.28,52.421612
61.52,52.43116
61.77,52.20549
62.01,51.768612
62.26,51.167847
62.5,50.470127
62.74,49.757023
62.99,49.115017
63.23,48.625648
63.48,48.353699
63.72,48.336395
63.96,48.576813
64.21,49.043003
64.45,49.673489
64.7,50.387127
64.94,51.095203
65.19,51.71278
65.43,52.168095
65.67,52.409489
65.92,52.409805
66.16,52.168633
66.41,51.712414
66.65,51.09248
66.89,50.380928
67.14,49.663658
67.38,49.030834
67.63,48.564957
67.87,48.328533
68.12,48.353569
68.36,48.635933
68.6,49.136356
68.85,49.787563
69.09,50.505562
69.34,51.201908
69.58,51.794693
69.82,52.217148
70.07,52.423355
70.31,52.391693
70.56,52.125893
70.8,51.654755
71.04,51.029705
71.29,50.32066
71.53,49.609619
71.78,48.98209
72.02,48.516525
72.27,48.273136
72.51,48.284271
72.75,48.54882
73.0,49.032249
73.24,49.672375
73.49,50.389141
73.73,51.095882
73.97,51.710045
74.22,52.161976
74.46,52.401329
74.71,52.401485
74.95,52.161762
75.2,51.707794
75.44,51.089954
75.68,50.379433
75.93,49.66172
76.17,49.027119
76.42,48.558884
76.66,48.320606
76.9,48.345276
77.15,48.629238
77.39,49.13282
77.64,49.787636
77.88,50.507957
78.12,51.203522
78.37,51.79081
78.61,52.202263
78.86,52.392174
79.1,52.340176
79.35,52.052391
79.59,51.560814
79.83,50.920502
80.08,50.204884
80.32,49.498638
80.57,48.888306
80.81,48.451252
81.05,48.244297
81.3,48.294556
81.54,48.594959
81.79,49.105572
82.03,49.760509
82.28,50.478241
82.52,51.173
82.76,51.764938
83.01,52.18824
83.25,52.396862
83.5,52.368183
83.74,52.10474
83.98,51.634239
84.23,51.007782
84.47,50.29599
84.72,49.582649
84.96,48.955708
85.21,48.495941
85.45,48.26495
85.69,48.29472
85.94,48.58173
86.18,49.087276
86.43,49.744328
86.67,50.468349
86.91,51.169582
87.16,51.764393
87.4,52.184261
87.65,52.382164
87.89,52.33643
88.13,52.052284
88.38,51.561558
88.62,50.920189
88.87,50.20335
89.11,49.498161
89.36,48.893612
89.6,48.468769
89.84,48.28064
90.09,48.354603
90.33,48.680115
90.58,49.212784
90.82,49.882256
91.06,50.603695
91.31,51.289684
91.55,51.860737
91.8,52.253284
92.04,52.42503
92.29,52.358025
92.53,52.059711
92.77,51.562248
93.02,50.920078
93.26,50.205521
93.51,49.502056
93.75,48.895302
93.99,48.462002
94.24,48.258934
94.48,48.313442
94.73,48.618614
94.97,49.134289
95.21,49.793865
95.46,50.514626
95.7,51.209324
95.95,51.796719
96.19,52.210117
96.44,52.403488
96.68,52.355358
96.92,52.070507
97.17,51.580059
97.41,50.939259
97.66,50.222958
97.9,49.518337
98.14,48.915024
98.39,48.492889
98.63,48.309608
98.88,48.390701
99.12,48.724842
99.37,49.266041
99.61,49.941902
99.85,50.665379
100.1,51.347324
100.34,51.907356
100.59,52.282097
100.83,52.430557
101.07,52.337158
101.32,52.012547
101.56,51.492546
101.81,50.835167
102.05,50.115665
102.29,49.419155
102.54,48.831081
102.78,48.425972
103.03,48.256508
103.27,48.344868
103.52,48.678959
103.76,49.214558
104.0,49.882843
104.25,50.600964
104.49,51.283264
104.74,51.851288
104.98,52.241646
105.22,52.411587
105.47,52.342327
105.71,52.040588
105.96,51.538498
106.2,50.891346
106.45,50.173233
106.69,49.4701
106.93,48.870045
107.18,48.451576
107.42,48.271416
107.67,48.354713
107.91,48.690357
108.15,49.232788
108.4,49.910023
108.64,50.63512
108.89,51.318676
109.13,51.879715
109.37,52.254124
109.62,52.400192
109.86,52.302158
110.11,51.971111
110.35,51.444077
110.6,50.78101
110.84,50.059631
111.08,49.367493
111.33,48.791782
111.57,48.407494
111.82,48.265854
112.06,48.385803
112.3,48.75071
112.55,49.311588
112.79,49.995594
113.04,50.717449
113.28,51.390999
113.53,51.939121
113.77,52.301357
114.01,52.438828
114.26,52.337029
114.5,52.006752
114.75,51.483387
114.99,50.824268
115.23,50.104012
115.48,49.407467
115.72,48.820282
115.97,48.417618
116.21,48.252808
116.46,48.348251
116.7,48.691402
116.94,49.236774
117.19,49.913548
117.43,50.63652
117.68,51.317997
117.92,51.878124
118.16,52.253216
118.41,52.401375
118.65,52.306076
118.9,51.977489
119.14,51.451962
119.38,50.78931
119.63,50.067692
119.87,49.375824
120.12,48.802341
120.36,48.423512
120.61,48.2911
120.85,48.423409
121.09,48.801922
121.34,49.374786
121.58,50.066105
121.83,50.787926
122.07,51.452427
122.31,51.982254
122.56,52.318108
122.8,52.423607
123.05,52.2878
123.29,51.925694
123.54,51.376904
123.78,50.70245
124.02,49.979462
124.27,49.293591
124.51,48.729218
124.76,48.3582
30.76,52.649487
114.01,52.438828
122.8,52.423607
0.0,94.357498
0.24,93.626747
0.49,91.604141
0.73,88.755882
0.98,85.718361
1.22,83.103912
1.46,81.297478
1.71,80.344879
1.95,80.007149
2.2,79.943703
2.44,79.903229
2.69,79.821999
2.93,79.803909
3.17,80.013695
3.42,80.547104
3.66,81.348236
3.91,82.215889
4.15,82.885666
4.39,83.135399
4.64,82.862701
4.88,82.109779
5.13,81.035797
5.37,79.854179
5.62,78.761398
5.86,77.886787
6.1,77.282288
6.35,76.94973
6.59,76.881226
6.84,77.084511
7.08,77.577469
7.32,78.358826
7.57,79.376755
7.81,80.518311
8.06,81.627769
8.3,82.544067
8.54,83.13855
8.79,83.338432
9.03,83.13073
9.28,82.55233
9.52,81.675339
9.77,80.596581
10.01,79.433357
10.25,78.320808
10.5,77.402092
10.74,76.805733
10.99,76.614159
11.23,76.837341
11.47,77.407707
11.72,78.202164
11.96,79.081436
12.21,79.927536
12.45,80.663254
12.7,81.248116
12.94,81.657814
13.18,81.861877
13.43,81.814629
13.67,81.467209
13.92,80.796967
14.16,79.840393
14.4,78.712112
14.65,77.59581
14.89,76.702942
15.14,76.210121
15.38,76.201492
15.63,76.645256
15.87,77.417419
16.11,78.357086
16.36,79.322304
16.6,80.220329
16.85,81.004807
17.09,81.649956
17.33,82.121109
17.58,82.360535
17.82,82.297516
18.07,81.878029
18.31,81.099617
18.55,80.03466
18.8,78.830162
19.04,77.680374
19.29,76.779243
19.53,76.269341
19.78,76.207901
20.02,76.564072
20.26,77.244484
20.51,78.130455
20.75,79.107864
21.0,80.080292
21.24,80.967346
21.48,81.697227
21.73,82.202843
21.97,82.425987
22.22,82.32811
22.46,81.903214
22.71,81.186722
22.95,80.257179
23.19,79.229462
23.44,78.240799
23.68,77.431541
23.93,76.923599
24.17,76.798965
24.41,77.082947
24.66,77.736481
24.9,78.661919
25.15,79.721519
25.39,80.764702
25.63,81.656006
25.88,82.296539
26.12,82.633621
26.37,82.657951
26.61,82.391556
26.86,81.873024
27.1,81.147636
27.34,80.267029
27.59,79.297836
27.83,78.332886
28.08,77.494141
28.32,76.91906
28.56,76.728806
28.81,76.988335
29.05,77.677223
29.3,78.687431
29.54,79.851456
29.79,80.987503
30.03,81.942436
30.27,82.61763
30.52,82.972908
30.76,83.012909
31.01,82.765785
31.25,82.265991
31.49,81.548912
31.74,80.658844
31.98,79.664085
32.23,78.667809
32.47,77.804466
32.71,77.21685
32.96,77.019012
33.2,77.259727
33.45,77.903595
33.69,78.83979
33.94,79.913063
34.18,80.962364
34.42,81.851959
34.67,82.487488
34.91,82.81768
35.16,82.827454
35.4,82.529099
35.64,81.95649
35.89,81.163597
36.13,80.225403
36.38,79.237564
36.62,78.311455
36.87,77.562508
37.11,77.093452
37.35,76.976074
37.6,77.236702
37.84,77.849281
38.09,78.73793
38.33,79.787796
38.57,80.861687
38.82,81.819313
39.06,82.536812
39.31,82.923737
39.55,82.935402
39.79,82.577919
40.04,81.904991
40.28,81.006653
40.53,79.993141
40.77,78.977921
41.02,78.065102
41.26,77.343109
41.5,76.883423
41.75,76.739639
41.99,76.941933
42.24,77.48645
42.48,78.324203
42.72,79.357239
42.97,80.448143
43.21,81.442619
43.46,82.198708
43.7,82.61377
43.95,82.641762
44.19,82.296738
44.43,81.643608
44.68,80.780022
44.92,79.816208
45.17,78.859093
45.41,78.004433
45.65,77.335678
45.9,76.924469
46.14,76.826843
46.39,77.072823
46.63,77.652519
46.88,78.506767
47.12,79.529388
47.36,80.582802
47.61,81.522606
47.85,82.222847
48.1,82.595375
48.34,82.599686
48.58,82.24334
48.83,81.57589
49.07,80.679474
49.32,79.65873
49.56,78.631012
49.8,77.715836
50.05,77.023087
50.29,76.639191
50.54,76.613983
50.78,76.951706
51.03,77.609718
51.27,78.505737
51.51,79.531105
51.76,80.565933
52.0,81.492752
52.25,82.207428
52.49,82.627899
52.73,82.701805
52.98,82.413773
53.22,81.790985
53.47,80.904732
53.71,79.865479
53.96,78.809349
54.2,77.877533
54.44,77.192329
54.69,76.836792
54.93,76.843803
55.18,77.197449
55.42,77.843079
55.66,78.700447
55.91,79.67411
56.15,80.660187
56.4,81.551292
56.64,82.243523
56.88,82.647316
57.13,82.701408
57.37,82.386215
57.62,81.732254
57.86,80.819809
58.11,79.768669
58.35,78.719131
58.59,77.80883
58.84,77.15126
59.08,76.821251
59.33,76.849533
59.57,77.224922
59.81,77.900101
60.06,78.797981
60.3,79.818008
60.55,80.844009
60.79,81.755447
61.04,82.441841
61.28,82.818008
61.52,82.836784
61.77,82.495872
62.01,81.837845
62.26,80.943298
62.5,79.919739
62.74,78.888435
62.99,77.971519
63.23,77.279602
63.48,76.899719
63.72,76.883476
63.96,77.237297
64.21,77.917801
64.45,78.835869
64.7,79.870018
64.94,80.886177
65.19,81.758568
65.43,82.386726
65.67,82.705521
65.92,82.68792
66.16,82.342422
66.41,81.708351
66.65,80.85154
66.89,79.861259
67.14,78.846931
67.38,77.931244
67.63,77.236801
67.87,76.866371
68.12,76.880768
68.36,77.282631
68.6,78.013641
68.85,78.966957
69.09,80.010147
69.34,81.009979
69.58,81.851364
69.82,82.447693
70.07,82.743156
70.31,82.711349
70.56,82.353653
70.8,81.699936
71.04,80.810738
71.29,79.778397
71.53,78.722786
71.78,77.779068
72.02,77.077126
72.27,76.717171
72.51,76.749046
72.75,77.162796
73.0,77.89373
73.24,78.838516
73.49,79.875534
73.73,80.882706
73.97,81.749573
74.22,82.384651
74.46,82.720367
74.71,82.718018
74.95,82.372772
75.2,81.717949
75.44,80.825516
75.68,79.801155
75.93,78.772537
76.17,77.871956
76.42,77.216507
76.66,76.890205
76.9,76.932121
77.15,77.332565
77.39,78.037025
77.64,78.955406
77.88,79.974174
78.12,80.969612
78.37,81.821747
78.61,82.427849
78.86,82.714661
79.1,82.647362
79.35,82.233871
79.59,81.523621
79.83,80.600906
80.08,79.574318
80.32,78.564072
80.57,77.689034
80.81,77.054268
81.05,76.739357
81.3,76.788109
81.54,77.200455
81.79,77.929405
82.03,78.885056
82.28,79.946457
82.52,80.979454
82.76,81.856506
83.01,82.473953
83.25,82.763977
83.5,82.699921
83.74,82.295502
83.98,81.600044
84.23,80.691917
84.47,79.67157
84.72,78.654091
84.96,77.759979
85.21,77.102402
85.45,76.771271
85.69,76.816292
85.94,77.235107
86.18,77.971161
86.43,78.923416
86.67,79.964844
86.91,80.963776
87.16,81.802193
87.4,82.388092
87.65,82.661552
87.89,82.596458
88.13,82.200325
88.38,81.513809
88.62,80.609558
88.87,79.58918
89.11,78.575554
89.36,77.69915
89.6,77.078835
89.84,76.80101
90.09,76.903282
90.33,77.368134
90.58,78.128693
90.82,79.083282
91.06,80.113243
91.31,81.09864
91.55,81.929893
91.8,82.515709
92.04,82.789429
92.29,82.71521
92.53,82.293762
92.77,81.566238
93.02,80.613762
93.26,79.550713
93.51,78.510757
93.75,77.627708
93.99,77.014488
94.24,76.746025
94.48,76.849472
94.73,77.303886
94.97,78.047302
95.21,78.987549
95.46,80.013924
95.7,81.008255
95.95,81.856026
96.19,82.457878
96.44,82.740921
96.68,82.668709
96.92,82.247398
97.17,81.526711
97.41,80.594543
97.66,79.565956
97.9,78.568336
98.14,77.725174
98.39,77.140633
98.63,76.88707
98.88,76.996292
99.12,77.455559
99.37,78.208527
99.61,79.161842
99.85,80.196724
100.1,81.184753
100.34,82.004745
100.59,82.558357
100.83,82.78154
101.07,82.650841
101.32,82.183876
101.56,81.435501
101.81,80.490822
102.05,79.456673
102.29,78.451927
102.54,77.596375
102.78,76.99752
103.03,76.735764
103.27,76.850327
103.52,77.329987
103.76,78.112724
104.0,79.095383
104.25,80.150902
104.49,81.148308
104.74,81.970406
104.98,82.52652
105.22,82.759262
105.47,82.646851
105.71,82.202751
105.96,81.474182
106.2,80.539528
106.45,79.503922
106.69,78.490913
106.93,77.629051
107.18,77.033562
107.42,76.786522
107.67,76.921165
107.91,77.415657
108.15,78.198593
108.4,79.163681
108.64,80.188248
108.89,81.150383
109.13,81.94175
109.37,82.47599
109.62,82.69445
109.86,82.570465
110.11,82.112953
110.35,81.36837
110.6,80.419342
110.84,79.378319
111.08,78.375221
111.33,77.539825
111.57,76.982147
111.82,76.774864
112.06,76.942574
112.3,77.459923
112.55,78.258263
112.79,79.237373
113.04,80.279358
113.28,81.2621
113.53,82.071815
113.77,82.614548
114.01,82.826187
114.26,82.680199
114.5,82.191658
114.75,81.416519
114.99,80.44577
115.23,79.394783
115.48,78.389526
115.72,77.551506
115.97,76.982941
116.21,76.75425
116.46,76.894707
116.7,77.387886
116.94,78.172691
117.19,79.150642
117.43,80.198807
117.68,81.186661
117.92,81.993637
118.16,82.524612
118.41,82.720665
118.65,82.564354
118.9,82.078926
119.14,81.323593
119.38,80.385902
119.63,79.373138
119.87,78.402832
120.12,77.592186
120.36,77.045235
120.61,76.838326
120.85,77.005836
121.09,77.531113
121.34,78.346245
121.58,79.342659
121.83,80.389458
122.07,81.354446
122.31,82.122604
122.56,82.608627
122.8,82.763
123.05,82.572945
123.29,82.060402
123.54,81.279152
123.78,80.311638
124.02,79.264275
124.27,78.259842
124.51,77.424675
124.76,76.870811
4.39,83.135399
8.79,83.338432
100.83,82.78154
105.22,82.759262
109.62,82.69445
114.01,82.826187
118.41,82.720665
122.8,82.763
0.0,3531.749512
0.24,3480.077881
0.49,3363.525146
0.73,3273.144531
0.98,3282.768066
1.22,3380.601074
1.46,3482.148926
1.71,3507.363281
1.95,3439.025635
2.2,3332.06958
2.44,3275.134033
2.69,3317.208008
2.93,3421.209961
3.17,3500.84082
3.42,3493.99707
3.66,3405.386719
3.91,3303.17627
4.15,3270.991455
4.39,3336.348389
4.64,3444.334473
4.88,3509.414307
5.13,3483.404297
5.37,3386.602783
5.62,3294.684082
5.86,3283.337158
6.1,3361.160156
6.35,3461.438477
6.59,3503.477539
6.84,3454.806885
7.08,3352.621582
7.32,3279.658447
7.57,3299.275879
7.81,3395.869141
8.06,3489.541748
8.3,3506.530273
8.54,3433.012695
8.79,3324.38208
9.03,3268.169434
9.28,3311.919922
9.52,3417.600342
9.77,3498.723877
10.01,3493.589355
10.25,3407.576172
10.5,3308.993408
10.74,3279.908936
10.99,3344.913086
11.23,3447.542969
11.47,3503.895508
11.72,3469.980713
11.96,3371.036133
12.21,3285.360352
12.45,3285.444824
12.7,3372.233887
12.94,3474.019775
13.18,3511.230225
13.43,3455.989746
13.67,3349.827881
13.92,3276.724365
14.16,3297.44165
14.4,3393.072021
14.65,3483.650635
14.89,3498.415771
15.14,3426.897217
15.38,3325.431641
15.63,3278.223145
15.87,3326.753906
16.11,3429.64502
16.36,3502.228271
16.6,3487.348145
16.85,3395.030518
17.09,3296.643799
17.33,3273.756592
17.58,3346.517822
17.82,3453.844971
18.07,3510.627686
18.31,3474.670654
18.55,3373.913818
18.8,3288.130127
19.04,3288.607422
19.29,3373.554688
19.53,3470.290527
19.78,3501.397217
20.02,3443.064941
20.26,3340.401855
20.51,3277.247559
20.75,3308.699219
21.0,3408.859863
21.24,3495.623291
21.48,3501.330566
21.73,3420.765381
21.97,3314.895508
22.22,3269.38623
22.46,3322.783936
22.71,3429.324707
22.95,3502.78418
23.19,3487.635986
23.44,3396.479492
23.68,3301.666504
23.93,3282.527588
24.17,3355.237793
24.41,3457.074951
24.66,3505.094482
24.9,3461.517578
25.15,3358.895508
25.39,3279.19165
25.63,3290.613037
25.88,3384.456299
26.12,3483.391602
26.37,3510.445313
26.61,3445.433105
26.86,3337.595703
27.1,3273.001953
27.34,3305.474609
27.59,3405.97583
27.83,3491.155273
28.08,3495.127441
28.32,3415.765137
28.56,3315.722168
28.81,3278.368652
29.05,3336.61377
29.3,3440.855957
29.54,3505.988525
29.79,3480.875244
30.03,3383.157959
30.27,3288.659424
30.52,3276.109375
30.76,3356.846191
31.01,3463.478516
31.25,3512.087158
31.49,3466.748047
31.74,3362.444336
31.98,3282.209229
32.23,3293.08374
32.47,3384.365479
32.71,3478.46875
32.96,3500.561035
33.2,3433.833252
33.45,3330.189453
33.69,3274.961182
33.94,3316.689453
34.18,3420.54126
34.42,3501.77832
34.67,3497.408691
34.91,3409.901855
35.16,3305.925537
35.4,3270.003662
35.64,3332.341064
35.89,3439.635254
36.13,3505.730957
36.38,3481.131592
36.62,3385.601563
36.87,3295.166992
37.11,3285.707764
37.35,3364.954102
37.6,3465.000244
37.84,3504.93457
38.09,3453.302979
38.33,3348.929443
38.57,3275.736572
38.82,3296.820557
39.06,3395.238525
39.31,3490.263916
39.55,3508.331787
39.79,3435.99585
40.04,3328.323975
40.28,3271.840332
40.53,3313.605469
40.77,3416.54834
41.02,3495.695557
41.26,3490.143066
41.5,3405.070068
41.75,3308.006104
41.99,3280.32251
42.24,3346.465332
42.48,3450.08374
42.72,3507.022461
42.97,3472.644287
43.21,3371.762939
43.46,3283.265381
43.7,3281.289795
43.95,3368.070313
44.19,3471.571777
44.43,3510.961426
44.68,3457.398926
44.92,3352.186768
45.17,3279.558594
45.41,3300.391113
45.65,3395.476074
45.9,3484.564209
46.14,3497.144287
46.39,3423.601074
46.63,3321.381592
46.88,3275.293457
47.12,3326.20752
47.36,3431.409668
47.61,3505.369385
47.85,3490.778076
48.1,3397.749756
48.34,3297.743896
48.58,3272.671631
48.83,3343.478027
49.07,3449.885254
49.32,3507.063965
49.56,3472.571289
49.8,3373.789063
50.05,3289.832275
50.29,3291.486084
50.54,3376.81958
50.78,3473.210449
51.03,3503.226318
51.27,3443.068604
51.51,3338.258789
51.76,3273.640381
52.0,3305.29248
52.25,3407.261719
52.49,3496.446533
52.73,3504.159912
52.98,3424.576416
53.22,3318.454102
53.47,3271.584473
53.71,3322.987549
53.96,3427.534912
54.2,3499.532715
54.44,3483.846191
54.69,3393.31543
54.93,3300.185791
55.18,3283.14502
55.42,3357.501953
55.66,3460.112793
55.91,3508.099121
56.15,3463.777588
56.4,3359.661621
56.64,3277.867188
56.88,3287.368408
57.13,3380.504883
57.37,3480.382568
57.62,3509.625977
57.86,3447.146973
58.11,3341.137451
58.35,3276.887207
58.59,3308.238281
58.84,3406.91748
59.08,3490.304688
59.33,3492.822266
59.57,3412.503906
59.81,3312.301514
60.06,3275.873291
60.3,3335.919678
60.55,3442.111084
60.79,3508.664063
61.04,3484.114258
61.28,3386.013184
61.52,3290.218262
61.77,3275.734619
62.01,3354.523682
62.26,3459.905273
62.5,3508.443604
62.74,3464.425537
62.99,3362.522949
63.23,3284.832764
63.48,3297.1521
63.72,3388.213623
63.96,3480.897705
64.21,3501.156494
64.45,3432.702637
64.7,3327.719482
64.94,3271.807129
65.19,3313.777344
65.43,3418.809082
65.67,3501.826172
65.92,3499.307861
66.16,3413.116211
66.41,3309.356201
66.65,3272.331055
66.89,3332.674316
67.14,3437.885986
67.38,3502.45166
67.63,3477.278809
67.87,3382.422852
68.12,3293.923584
68.36,3286.999756
68.6,3368.209961
68.85,3468.875244
69.09,3508.099609
69.34,3454.89624
69.58,3348.65625
69.82,3273.823975
70.07,3293.898682
70.31,3392.111328
70.56,3487.732178
70.8,3507.130127
71.04,3436.653564
71.29,3330.82959
71.53,3275.331787
71.78,3316.628662
72.02,3417.894531
72.27,3494.925781
72.51,3487.508789
72.75,3401.327637
73.0,3304.321045
73.24,3278.010254
73.49,3346.385742
73.73,3452.201416
73.97,3510.539307
74.22,3476.375244
74.46,3374.498047
74.71,3284.15918
74.95,3280.22876
75.2,3365.628418
75.44,3468.554932
75.68,3508.123047
75.93,3455.482422
76.17,3351.941162
76.42,3281.381836
76.66,3303.809326
76.9,3399.197266
77.15,3487.190186
77.39,3497.762207
77.64,3421.999512
77.88,3318.091064
78.12,3271.473389
78.37,3323.195068
78.61,3430.131348
78.86,3506.132324
79.1,3493.337646
79.35,3401.338379
79.59,3301.131104
79.83,3274.582031
80.08,3343.306885
80.32,3447.920166
80.57,3504.066162
80.81,3469.381592
81.05,3371.226807
81.3,3288.685059
81.54,3292.267334
81.79,3379.395264
82.03,3476.762207
82.28,3506.55127
82.52,3444.95166
82.76,3337.898438
83.01,3271.102051
83.25,3301.594971
83.5,3403.76123
83.74,3494.148682
83.98,3503.580566
84.23,3425.847656
84.47,3321.270996
84.72,3275.053711
84.96,3325.835938
85.21,3428.744385
85.45,3498.759033
85.69,3481.393066
85.94,3389.969238
86.18,3297.03418
86.43,3281.260498
86.67,3357.513184
86.91,3462.029541
87.16,3511.41748
87.4,3467.580566
87.65,3362.69873
87.89,3278.922363
88.13,3285.975098
88.38,3377.318848
88.62,3476.674561
88.87,3506.59375
89.11,3445.620361
89.36,3341.523682
89.6,3279.080078
89.84,3311.539063
90.09,3410.25415
90.33,3492.627686
90.58,3493.380127
90.82,3411.031738
91.06,3309.2229
91.31,3272.307617
91.55,3333.189453
91.8,3441.070557
92.04,3509.530273
92.29,3486.632324
92.53,3389.520508
92.77,3293.603516
93.02,3277.692871
93.26,3354.250488
93.51,3457.537598
93.75,3504.871582
93.99,3460.817627
94.24,3360.022461
94.48,3284.200195
94.73,3298.465332
94.97,3390.910889
95.21,3484.138428
95.46,3504.05127
95.7,3434.369141
95.95,3327.447754
96.19,3269.498047
96.44,3310.248047
96.68,3415.389893
96.92,3499.647949
97.17,3498.972656
97.41,3414.697754
97.66,3312.405762
97.9,3275.87915
98.14,3335.506592
98.39,3439.050537
98.63,3501.560547
98.88,3474.56543
99.12,3378.740723
99.37,3290.600586
99.61,3285.300781
99.85,3368.654297
100.1,3471.126709
100.34,3511.387451
100.59,3458.310547
100.83,3351.213623
101.07,3274.619141
101.32,3292.547119
101.56,3389.083984
101.81,3484.110107
102.05,3504.122803
102.29,3435.247314
102.54,3331.518066
102.78,3277.875732
103.03,3320.100586
103.27,3421.155273
103.52,3497.053467
103.76,3487.906982
104.0,3399.778564
104.25,3301.196533
104.49,3274.405029
104.74,3343.681885
104.98,3451.319336
105.22,3511.650879
105.47,3479.062744
105.71,3377.944092
105.96,3287.27417
106.2,3281.931641
106.45,3365.308838
106.69,3466.299805
106.93,3504.601807
107.18,3451.77417
107.42,3349.311279
107.67,3280.830811
107.91,3305.487549
108.15,3402.334961
108.4,3490.665527
108.64,3500.569092
108.89,3423.361328
109.13,3317.521484
109.37,3269.032227
109.62,3319.686035
109.86,3426.796631
110.11,3504.084717
110.35,3493.224854
110.6,3403.205811
110.84,3304.363281
111.08,3278.036133
111.33,3345.808105
111.57,3448.750977
111.82,3503.032959
112.06,3466.720703
112.3,3367.657227
112.55,3285.427734
112.79,3290.632568
113.04,3380.019287
113.28,3479.322021
113.53,3510.115723
113.77,3448.401855
114.01,3340.188477
114.26,3271.512695
114.5,3300.027588
114.75,3400.776611
114.99,3490.682373
115.23,3500.674316
115.48,3424.466064
115.72,3322.004883
115.97,3277.712402
116.21,3329.386963
116.46,3431.905518
116.7,3500.591064
116.94,3481.427734
117.19,3388.156738
117.43,3293.821533
117.68,3277.672607
117.92,3354.833984
118.16,3461.190186
118.41,3512.677246
118.65,3470.52124
118.9,3366.333252
119.14,3281.945801
119.38,3287.303955
119.63,3376.608887
119.87,3474.279541
120.12,3503.226563
120.36,3442.194092
120.61,3339.105469
120.85,3278.614258
121.09,3313.277832
121.34,3413.520508
121.58,3496.239502
121.83,3496.177979
122.07,3412.161133
122.31,3308.3125
122.56,3269.650635
122.8,3329.701416
123.05,3437.889648
123.29,3507.624756
123.54,3486.632568
123.78,3391.552979
124.02,3297.065918
124.27,3281.292969
124.51,3356.644043
124.76,3458.025146
1.71,3507.363281
3.17,3500.84082
4.88,3509.414307
6.59,3503.477539
8.3,3506.530273
9.77,3498.723877
11.47,3503.895508
13.18,3511.230225
14.89,3498.415771
16.36,3502.228271
18.07,3510.627686
19.78,3501.397217
21.48,3501.330566
22.95,3502.78418
24.66,3505.094482
26.37,3510.445313
28.08,3495.127441
29.54,3505.988525
31.25,3512.087158
32.96,3500.561035
34.42,3501.77832
36.13,3505.730957
37.84,3504.93457
39.55,3508.331787
41.02,3495.695557
42.72,3507.022461
44.43,3510.961426
46.14,3497.144287
47.61,3505.369385
49.32,3507.063965
51.03,3503.226318
52.73,3504.159912
54.2,3499.532715
55.91,3508.099121
57.62,3509.625977
59.33,3492.822266
60.79,3508.664063
62.5,3508.443604
64.21,3501.156494
65.67,3501.826172
67.38,3502.45166
69.09,3508.099609
70.8,3507.130127
72.27,3494.925781
73.97,3510.539307
75.68,3508.123047
77.39,3497.762207
78.86,3506.132324
80.57,3504.066162
82.28,3506.55127
83.98,3503.580566
85.45,3498.759033
87.16,3511.41748
88.87,3506.59375
90.58,3493.380127
92.04,3509.530273
93.75,3504.871582
95.46,3504.05127
96.92,3499.647949
98.63,3501.560547
100.34,3511.387451
102.05,3504.122803
103.52,3497.053467
105.22,3511.650879
106.93,3504.601807
108.64,3500.569092
110.11,3504.084717
111.82,3503.032959
113.53,3510.115723
115.23,3500.674316
116.7,3500.591064
118.41,3512.677246
120.12,3503.226563
123.29,3507.624756
0.0,3547.321289
0.24,3495.247314
0.49,3377.776123
0.73,3286.66626
0.98,3296.351318
1.22,3394.948486
1.46,3497.287354
1.71,3522.699707
1.95,3453.837158
2.2,3346.043213
2.44,3288.654297
2.69,3331.057617
2.93,3435.871094
3.17,3516.113525
3.42,3509.209473
3.66,3419.901123
3.91,3316.876953
4.15,3284.432129
4.39,3350.310059
4.64,3459.147705
4.88,3524.736084
5.13,3498.523682
5.37,3400.963623
5.62,3308.312744
5.86,3296.870605
6.1,3375.306152
6.35,3476.368408
6.59,3518.734131
6.84,3469.689209
7.08,3366.709229
7.32,3293.175049
7.57,3312.957275
7.81,3410.319092
8.06,3504.725586
8.3,3521.848145
8.54,3447.761475
8.79,3338.276611
9.03,3281.617188
9.28,3325.71875
9.52,3432.237793
9.77,3514.001953
10.01,3508.837402
10.25,3422.163086
10.5,3322.80835
10.74,3293.492676
10.99,3359.01001
11.23,3462.442627
11.47,3519.231689
11.72,3485.052246
11.96,3385.33374
12.21,3298.980957
12.45,3299.06958
12.7,3386.550049
12.94,3489.133789
13.18,3526.62915
13.43,3470.955078
13.67,3363.951416
13.92,3290.258301
14.16,3311.134766
14.4,3407.514893
14.65,3498.795898
14.89,3513.672119
15.14,3441.595459
15.38,3339.332275
15.63,3291.747559
15.87,3340.662598
16.11,3444.356445
16.36,3517.495361
16.6,3502.491211
16.85,3409.447754
17.09,3310.280762
17.33,3287.21167
17.58,3360.553467
17.82,3468.726318
18.07,3525.954834
18.31,3489.722656
18.55,3388.179199
18.8,3301.714844
19.04,3302.192139
19.29,3387.809814
19.53,3485.302734
19.78,3516.655273
20.02,3457.877441
20.26,3354.416992
20.51,3290.769531
20.75,3322.480225
21.0,3423.437256
21.24,3510.881104
21.48,3516.63501
21.73,3435.443115
21.97,3328.73877
22.22,3282.866943
22.46,3336.693848
22.71,3444.078369
22.95,3518.115723
23.19,3502.856934
23.44,3410.994385
23.68,3315.434326
23.93,3296.141113
24.17,3369.423584
24.41,3472.051025
24.66,3520.437988
24.9,3476.518311
25.15,3373.0896
25.39,3292.753906
25.63,3304.268799
25.88,3398.856689
26.12,3498.5625
26.37,3525.820068
26.61,3460.295166
26.86,3351.601318
27.1,3286.485352
27.34,3319.20874
27.59,3420.498047
27.83,3506.338135
28.08,3510.340332
28.32,3430.360596
28.56,3329.529541
28.81,3291.879639
29.05,3350.586182
29.3,3455.642822
29.54,3521.275146
29.79,3495.963135
30.03,3397.47998
30.27,3302.234375
30.52,3289.587402
30.76,3370.971436
31.01,3478.446289
31.25,3527.438965
31.49,3481.754395
31.74,3376.638428
31.98,3295.767578
32.23,3306.726563
32.47,3398.729736
32.71,3493.571045
32.96,3515.839844
33.2,3448.601807
33.45,3344.151611
33.69,3288.493164
33.94,3330.560791
34.18,3435.236572
34.42,3517.108643
34.67,3512.704834
34.91,3424.513916
35.16,3319.713623
35.4,3283.503662
35.64,3346.338623
35.89,3454.47876
36.13,3521.092041
36.38,3496.304443
36.62,3400.02832
36.87,3308.877197
37.11,3299.337646
37.35,3379.204102
37.6,3480.025635
37.84,3520.260742
38.09,3468.221436
38.33,3363.025635
38.57,3289.250732
38.82,3310.505615
39.06,3409.70166
39.31,3505.465332
39.55,3523.667725
39.79,3450.763184
40.04,3342.235596
40.28,3285.294678
40.53,3327.38623
40.77,3431.136963
41.02,3510.900635
41.26,3505.306885
41.5,3419.575195
